-7.663801559489526483e+01
-6.844128526154312908e+01
-8.580508349536535206e+01
-8.063062685206216429e+01
-7.378863421775874087e+01
-7.649931905809262389e+01
-3.062537035571747879e+01
-7.219375980348671362e+01
-7.695652045909662320e+01
-7.260428720199305985e+01
-7.551745753556787122e+01
-7.880111335330630595e+01
-3.584289872531172705e+01
-5.102366844454632400e+01
-9.531939502851530222e+01
-7.508125185252508516e+01
-7.694691009580569130e+01
-8.261221700815477220e+01
-6.999426039157901869e+01
-7.203442836883472467e+01
-6.124927584975561246e+01
-7.039744698930951472e+01
1.200801962705085089e+03
-7.013364682658524885e+01
-2.961257239740486114e+01
-8.118220846329111851e+01
-6.175013081681216676e+01
-7.865010211319051336e+01
-4.571492230687478298e+01
-8.105915217875219980e+01
-9.501178010039920707e+01
-7.508678447195910621e+01
-1.093369454147784268e+02
-7.275137212348684557e+01
-7.738239142404717086e+01
-7.220490349297222110e+01
-3.214461828162143320e+01
-1.670409946635852805e+01
-6.974874856406819390e+01
-6.964181722398016916e+01
-6.616158501086982824e+01
-6.470605810584646633e+01
-5.910440753441195483e+01
-9.270835425301085309e+01
-6.392824726182713135e+01
-6.802810556092516947e+01
-8.757546992619498383e+01
-6.795415665034241215e+01
-7.909196946226644798e+01
-4.714777045427084090e+01
-7.225156547641978477e+01
-7.400061503556548814e+01
-4.051548680192257734e+01
1.559119246021604965e+01
-7.983628852678940291e+01
-5.463379538968241889e+01
-3.769907613460927109e+01
-4.307305972755482770e+01
-6.358157386307262016e+01
-7.191948197762209816e+01
-3.639970516665339773e+01
-5.042414721862773064e+01
-8.089938933450218883e+01
-7.915310678854999082e+01
-7.651550271614576104e+01
-7.238636235308551647e+01
-7.121455095595911189e+01
-2.619237932767484267e+01
-6.483347464234677204e+01
-1.049283467268173382e+02
-4.981173411426494368e+01
-7.753780574930912906e+01
-4.340647969147217111e+01
-1.204089012080412147e+01
-1.088370576582101421e+02
-1.014213249907378298e+02
-4.596538536647263840e+01
-3.873321714752447065e+01
-9.870074860505042125e+01
-7.555341255972726344e+01
-9.534918896868398974e+01
-7.365723418278111012e+01
-7.886539285725024229e+01
-7.832527570026192620e+01
1.488136142826718356e+00
-7.651782952083402733e+01
-7.809875597314864137e+01
-6.850491219882573546e+01
-4.597817618952895913e+01
-1.092980307298672926e+01
-7.074037567743246768e+01
-2.935500640795068250e+01
-7.431087029740143635e+01
-8.262307082431563288e+01
-8.977430083649184667e+01
-7.049476512982565168e+01
-8.084777603607923879e+01
2.829092197519454999e+01
-1.052263742977747967e+02
5.484890421458160858e+00
