-1.999840253209748653e+01
-4.140068126634602663e+01
-9.480355337386043857e+01
-3.811387777331285776e+01
-6.037830559527404262e+01
-4.757182126418334178e+01
-6.768244323342122470e+01
-8.679500337387180764e+01
-1.023948264614306822e+02
-7.432917643359719762e+01
-9.131606588875115449e+01
-6.542474343736952846e+01
-1.096810943268406646e+02
-8.838260856760470574e+01
-7.329107185797488455e+01
-4.776387804512290813e+01
-8.001241108878760144e+01
-8.347153410594474110e+01
-3.128808690696871508e+01
-7.659880227600233127e+01
-5.722200262064084342e+01
-5.530392796089850549e+01
-5.554926062333120029e+01
-8.056645297361002633e+01
-1.046222304525329321e+02
-1.093211865985333731e+02
-5.591449374218453272e+01
-3.950045361731756799e+01
2.920811298832060743e+01
1.971845691088503827e+00
-8.110082474514727835e+01
-7.911130875918273375e+01
-7.796508409465226919e+01
-9.938252175944771238e+01
-1.029123933386437102e+02
-5.875512137197885920e+01
-9.630327916641853392e+01
-7.969702866380326611e+01
-6.974149740621405158e+01
-8.344555251571050292e+01
-1.054476343485492293e+02
-8.458341450827384733e+01
-6.595936756343971297e+01
-6.958931830904997184e+01
-4.030826599185874670e+01
1.962034264495238745e+01
-1.053122690056405730e+02
-1.053125604843351795e+02
-5.973812800249807964e+01
-5.711171927939184201e+01
2.769760377155374442e+01
-6.929862666922207382e+01
-8.416860662483156830e+01
-6.346630110009556347e+01
-7.890789747243671570e+01
-8.172169693086149778e+01
-8.047230771397823901e+01
-8.409042624826932411e+01
-8.024313711580850850e+01
-7.210853898066791601e+01
-2.205501607860009017e+01
-7.419572638958959487e+01
-5.951719042533099469e+01
-7.360368339051208864e+01
-6.078694847443696858e+01
-6.676017473142994163e+01
-1.029343503168770866e+02
-1.027585032451158042e+02
-7.341452332102309697e+01
-8.247025684773602450e+01
-6.971548350253172543e+01
-6.688914214347344966e+01
-7.615746337861061477e+01
-8.598766890595395296e+01
-6.770232256102862323e+01
-8.738109119969612948e+01
-7.101619839416630953e+01
-7.284327064571104415e+01
-5.859326634647620580e+01
-7.352340658511501204e+01
-6.206588440448528132e+01
-4.364611936198132014e+01
-7.162485328611164448e+01
-1.043470736385408628e+02
-6.360688310953182878e+01
-3.344431463377459579e+01
-1.458926047376074564e+01
-7.883511636382588961e+01
-7.116826318995659051e+01
-6.848765346557694045e+01
-6.661658810588690471e+01
-7.199942812626954947e+01
-3.076095427141005700e+01
-6.940278313908837049e+01
-6.826432044091701812e+01
-6.645303164809234886e+01
-7.841660183117406291e+01
-6.051302014076786406e+01
-6.652312449654181137e+01
-6.954666742872933582e+01
-6.478226532464552179e+01
-2.637393822948222066e+01
-4.720252643417462224e+01
-7.721018904932843441e+01
-6.228914074649957655e+01
-7.065849514231470607e+01
-7.752539470960110179e+01
-6.543963665431797949e+01
-1.590069144379444310e+01
-7.662240775484258393e+01
-7.201682263825452424e+01
-8.363234924552406824e+01
-7.189817965255716103e+01
-1.121509557904346224e+02
-8.319212434636357045e+01
-1.086427167046317663e+02
-6.946100514500548684e+01
-7.236839000014174417e+01
-6.778774225355493854e+01
-6.657579924887201628e+01
-6.611207609042998001e+01
-8.295812019138041649e+01
-7.521275091062409501e+01
-1.028139608201970390e+02
-8.876973629436146496e+01
-4.908054493484014813e+01
-6.893520310869656953e+01
-5.960714551120892679e+01
-3.881114057394196237e+01
-6.544625383977044919e+01
4.584103138909583208e+01
-6.436454875384626462e+01
-6.656185750981194360e+01
-6.067593911668880224e+01
-7.143532293876455697e+01
-8.698635915122265772e+01
-2.378870313053434415e+01
-6.953189505160869999e+01
-6.432795330834113656e+01
-7.188853349093359668e+01
-7.834418031978670172e+01
-7.747349900152090640e+01
-6.466386921197937454e+01
-3.531268783411515244e+01
-7.201781142638976974e+01
-6.909081273194158257e+01
-6.464843739335847772e+01
-7.608563497332445991e+01
-7.033618008993612136e+01
-7.953836661990857237e+01
-1.132041986723427556e+02
-7.167884265852651993e+01
-7.791415260890221361e+01
-7.772019455299533774e+01
-8.014517718165174642e+01
-7.909493075142133023e+01
-6.952724807373353144e+01
-7.268043469959587810e+01
-5.929012593676057463e+01
-2.502962500940945745e+01
-5.350111135409904506e+01
-6.835683896535684312e+01
-5.670835205115211153e+01
-7.101200357543353903e+01
-5.649527273358435053e+01
-5.888928128605999746e+01
-7.161017939119427922e+01
-2.043646759795774415e+01
-1.138004632134896639e+02
-7.170463806824605513e+01
-7.884246340827507993e+01
-8.202873487808473385e+01
-6.067865870404727247e+01
-4.073752778054223711e+01
-1.110287244180465365e+02
-7.292986080907343194e+01
-7.188201117795591699e+01
-6.950954764333600622e+01
2.106696308987274335e+01
-1.721544014090780195e+01
-6.115254117865838879e+01
-7.468794936698009224e+01
-7.372438617029825991e+01
-7.334205784712256104e+01
-6.465578898809187081e+01
-7.488128028920806400e+01
2.914900390541154707e+01
-7.798999481835443248e+01
-7.099926618175291537e+01
-7.502841659505888572e+01
-4.141753717546095004e+01
-3.887779087313457183e+01
-7.258168119217968695e+01
-8.166032140006988982e+01
-3.594967665926270683e+01
-7.851061040314920092e+01
-8.266482145382445879e+01
-1.109188527648035461e+02
-7.488774211226291300e+01
-9.203333133901801943e+01
-6.969118566115777469e+01
-7.558284411978854678e+01
-7.748939208190931538e+01
-9.076244045103257463e+01
-7.452098141484312066e+01
-7.804960768276113470e+01
-4.099177678905881095e+01
-7.616866823483798044e+01
-7.376768925476258687e+01
-1.177741667071497318e+02
-7.977093993448738729e+01
-8.420758179496077389e+01
-6.811487788267356791e+01
-5.020266216517068614e+01
-8.342027537474008625e+01
-6.709766522809921696e+01
-8.495908083387060117e+01
-6.797876379801135727e+01
-7.551791866552235888e+01
-7.831823741889303392e+01
-7.542669188994777585e+01
-7.303332781347306479e+01
-6.789601686815771586e+01
-7.974937995320898665e+01
-7.713551096095697801e+01
-8.321987125714051103e+01
-7.804430352001057258e+01
-7.301907157765691636e+01
1.280228789321067495e+01
-7.812390310525438508e+01
-7.756687255055430796e+01
-3.050034394197534482e+01
-4.788558051174396724e+01
-7.794550110285088351e+01
-7.834319798156607817e+01
-7.807962787519559811e+01
-7.809169983994232211e+01
-8.435178477632106819e+01
-8.197983535252976139e+01
-7.850387545592221272e+01
4.568373491979008350e+01
-7.925090818969229645e+01
-5.570390259846733727e+01
-7.976581210419836054e+01
-7.660044616184900690e+01
-5.917059377484225280e+01
8.598690636320665703e+01
-2.411481643062238334e+01
-7.889225760835414292e+01
-1.240296590673035837e+01
-5.613953838046680289e+01
-1.476684921871022027e+01
-6.622522647125407502e+01
-8.278797004554851924e+01
-1.037002325483573770e+02
-7.583353232729808724e+01
-8.397871321430076819e+01
-2.883043802178794124e+01
-7.810708002170846953e+01
-6.302278557099948841e+01
-7.768103736870374121e+01
-3.445839207288622674e+01
-8.074723504631984383e+01
-8.294757298997845396e+01
-7.891898078984353049e+01
-7.509258638107149864e+01
-7.033729000821031718e+01
-1.098095084519482469e+02
-1.070725112514327293e+02
-1.367788808650833232e+01
-7.708213897693374861e+01
-7.863583987721648327e+01
-7.237025156166831152e+01
-8.215656273981784352e+01
-1.028012273302368413e+02
-7.507324655438949890e+01
-8.435623882854144995e+01
-4.645559617273021047e+01
-9.667710964826804343e+01
-6.143370470969956187e+01
-7.337520310592387318e+01
-8.018030967471632664e+01
-7.585966068448877309e+01
-1.027005275718006487e+02
-7.483115690310995660e+01
-9.885655408062370952e+01
-8.151741172445653660e+01
-8.038232069475056107e+01
1.568159906436687834e+01
-7.846294238881418437e+01
-1.138717692237357113e+02
-6.905413733562514267e+01
1.421895444073541626e+01
-4.915549179160617399e+01
-6.554912601277149520e+01
-7.176694922971495316e+01
-6.817629259295802058e+01
-5.218104495856407965e+01
-7.409774292400039997e+01
-8.015662963250220230e+01
-4.382875762293276267e+01
-8.242112900708414713e+01
-9.771139735988327857e+00
-7.213315799841458897e+01
-7.761255180751655303e+01
-7.679356248269753848e+01
-7.848570277976429566e+01
-7.431796918202530833e+01
-4.198357100631432104e+01
-2.709169230962275776e+01
-4.320807458018952474e+01
-7.348865265960657212e+01
4.424287985020845326e+01
-7.921918064226014167e+01
-6.319116672161843695e+01
-7.155916316860091797e+01
-7.777069424217033600e+01
-8.307213994327818796e+01
-3.728178862570786833e+01
-6.226390456506894822e+01
-6.703725364687772981e+01
-8.286469877924352545e+01
-4.809316919936306078e+01
-8.094521580472510891e+01
-8.246729986064619311e+01
-6.860228666719179103e+01
-8.274071821664209381e+01
-7.175968077055826200e+01
-8.330272128206755156e+01
-4.673318349273305472e+01
-6.414900189021497567e+01
-3.694814494314245223e+01
-8.004155943187724631e+01
-1.039053475744718327e+02
5.273383373509651051e+01
-7.018912119737034061e+01
-7.369678189158750570e+01
-8.281753617969188497e+01
-1.077929128936214624e+02
-6.667148539164323040e+01
-4.158812309839087362e+01
-7.806635377739885939e+01
-5.496987404950745315e+01
-7.990045948400810971e+01
-6.741906928444851133e+01
-7.996997705154656444e+01
-8.175965210063148447e+01
9.975370924453096677e+01
-7.316071409926765057e+01
-7.998487992660115253e+01
-8.046755404999062478e+01
-7.926768153677863893e+01
2.988986300472942048e+01
-8.543242268320167909e+01
-4.226888829383926804e+01
-8.334700725109860286e+01
-8.223860238141082846e+01
-4.205409077251694328e+01
-7.834520980638559706e+01
-8.288771930827196854e+01
5.027586042180729464e+00
-5.849649023428712269e+01
-9.476936700974732730e+01
-6.660252147406876588e+01
-6.976401098860814898e+01
-7.452922972098397736e+01
-7.395470113910613463e+01
2.076257627321642474e+01
-7.008947566405663565e+01
-7.188908237293658487e+01
-4.193447024385056920e+01
-6.236612990966181513e+01
-6.096572409846715601e+01
-1.817040358596801752e+01
-6.045760589463943546e+01
-7.345000866356161850e+01
-6.684629137346362882e+01
-2.082121577076334518e+01
-3.843181551455872835e+01
-7.889537172896937989e+01
-6.471516525538265796e+01
-5.443456204540114385e+01
-6.811280597509461643e+01
-1.050128266962797738e+02
-7.561213443514047583e+01
-6.818070934506887681e+01
-3.443799049376791288e+01
-7.089988941531532873e+01
-7.769570641799391808e+01
-6.903798605577189562e+01
2.444759935312603716e+01
-7.343770064296083433e+01
-7.764936178005905276e+01
-3.380321426726756329e+01
-3.135740891303490230e+01
-8.914560993683650736e+01
-5.057734967856129060e+01
-2.147462941017815297e+01
-8.158469512010766778e+01
-5.624026704411510735e+01
-7.824127526539209043e+01
-5.277154876930598704e+01
-8.097528916916650132e+01
-7.857483434099626152e+01
-7.737661566687278025e+01
-8.225238111467747615e+01
1.185438933546075759e+03
-6.973343764871715678e+01
-8.093224119787143422e+01
-6.134060722877536875e+01
-6.728486043565364128e+01
-3.437656696289339209e+01
-7.877359130820582322e+01
3.965744136944962861e+01
-8.606101849274871540e+01
-4.326975754604934110e+01
-4.863286911078018449e+01
-7.594222637774515761e+01
-6.902564737128656702e+01
-1.183649421573884410e+02
-7.486164782968116072e+01
-7.438312520573862230e+01
-7.940472390511973799e+01
-8.066425972508798736e+01
-1.125683404568791559e+02
-3.796393905938172963e+01
-1.166337002649341059e+02
-7.923864721549846024e+01
-8.096123696264990599e+01
-3.399287101167352887e+01
-8.570401895543518833e+01
-7.807529785560190305e+01
-7.227598237992813779e+01
-4.271926607982277346e+01
-7.735901256484899591e+01
-4.205771564671192664e+01
-2.156629626228411212e+01
-7.115089951967048876e+01
-7.791360697633690791e+01
-8.091406359480076560e+01
-8.209366873517117824e+01
-7.545109056619028820e+01
-6.932275936823035067e+01
-7.513458349584385587e+01
-6.729116151413971636e+01
5.468977354219947529e+01
-1.140444007775187742e+02
-7.619730738180527396e+01
-6.716803911713270736e+01
-6.749532332591599015e+01
-1.056828041180370263e+02
-6.485158871648644663e+01
-5.771971616800391303e+01
-7.930170989931171732e+01
6.450676776755037167e+01
-6.253254023276820561e+01
-6.715838455920410865e+01
-1.102686063144029731e+02
-3.839746243862591513e+01
-6.870822175905621521e+01
-7.869616547170573995e+01
4.318842603440134553e+01
-4.774262461165159976e+01
-1.241763939301438882e+02
-7.862472768588416727e+01
-1.005657852700959580e+02
-7.530692705101996864e+01
-8.083479158922054353e+01
2.626203592274879384e+01
5.590913782106591157e+01
-8.409792940108226844e+01
-7.954500655719863289e+01
-8.248839532366433502e+01
-7.882145177493231358e+01
-3.138890299021059604e+01
-3.475874189277995185e+01
-2.508601461321050863e+01
-4.209355028222536532e+01
-5.959500635503261634e+01
-6.082977753082707295e+01
-4.375585620520683960e+01
-6.912770861582728799e+01
-8.069016907550596329e+01
-8.961045762073001697e+01
-7.479723968403787637e+01
-5.967104472365200252e+01
-5.045622345742493309e+01
-4.363944894039330791e+01
-5.355765994520339746e+01
-8.114271773930744303e+01
-1.604074337968964414e+01
-5.211473456923104663e+01
-6.461343042303478512e+01
-1.203424067616065969e+02
-6.666245966403209877e+00
-7.018338266753399068e+01
-4.917633856037680573e+01
-6.392499853888458716e+01
-4.770022204203971938e+01
5.835101956225261688e+01
-7.841366134122436904e+01
-6.465858085259199584e+01
-7.372918936047510385e+01
-5.557372810763141047e+01
-7.494629424982329624e+01
-8.133806884498400791e+01
-3.997708940054484827e+01
-7.581197775232388381e+01
2.000294393678444749e+00
-7.773201465253850984e+01
-5.848060962517870820e+01
-5.950594337167017045e+01
-7.638793873712944560e+01
-3.122395165210974710e+01
-7.125894001908633868e+00
-7.628803292479466336e+01
-1.390769904623157061e+01
-5.871888665795901119e+01
-5.256862324623882898e+01
-2.578615591097054960e+01
-3.043399683943817990e+01
-1.068174093877398718e+02
-5.648124313678787445e+01
-5.572727449568034785e+01
-6.679155778688229361e+01
-5.439977390444924055e+01
-7.939990475980783913e+01
-7.773740993575147229e+01
-7.142585217418601928e+01
4.022113516652348153e+01
2.290631863053511097e+01
3.217467737347402590e+01
-2.763506166782038065e+01
-5.185002124162996751e+01
-3.527665657571080260e+01
-6.477054245228134732e+01
-5.387368741075758294e+01
-3.085303246977154856e+01
1.828524456628332473e+01
-4.182384664365166316e+01
-7.844952984817881259e+01
1.661901252939681228e+01
-9.656975734562536218e-01
-6.914174439097095615e+01
5.159235429104927562e+01
-7.934522508180249645e+01
3.872555270984943832e+01
-6.945876910181158337e+01
-7.029228200164409657e+01
-7.407557313218805461e+01
2.830482526286229472e+01
-8.317098017326111403e+01
-6.401652421771913737e+01
-3.256920250471890199e+01
-8.505636430723727415e+01
4.669833634218704788e+01
2.933966845088380637e+01
-8.461583712773892785e+01
-3.273840289815332483e+01
-7.792961497450649233e+01
-7.225553351655867118e+01
2.712248987032043601e+01
6.585248825268155315e+01
-3.055991401907408545e+01
-3.664740026048558263e+01
-6.471668488787464923e+01
-4.256677616127859665e+01
-4.786833561249906666e+00
-6.764198123202152146e+01
-4.298368037338238423e+01
6.115626039683215254e+01
5.755539207747247588e+01
-7.424726979776208680e+01
5.112702576321379411e+01
2.177530596681546626e+01
1.339405596464398229e+01
6.716849931646464711e+01
-8.378445261443962977e+01
-8.111557667760200729e+01
-3.911107404638883622e+01
-6.348399841278391165e+01
-7.904496905944048990e+01
2.756716999103086607e+01
3.566788822635658107e+01
-1.149488806403801391e+02
-7.669963220303375806e+01
6.244818973877127632e+01
-6.242671798006909967e+01
3.117956402583945419e+01
-6.288954434905782875e+01
3.070330458925641892e+01
-7.609375754107577450e+01
-7.600459674269939114e+01
-6.916011723021927082e+01
6.794564557142774675e+01
-8.132212219550096677e+01
-5.330612228984493584e+01
-5.373567289963106219e+01
-6.451356662583839352e+01
7.158851636612180869e+01
-6.922832754488217688e+01
-8.101289654021036313e+01
-8.318450113666686718e+01
8.693653964298036385e+01
-7.435694515767521295e+01
5.073721198039172009e+01
1.171422952008600760e+01
4.844754951034056489e+01
1.198463051469105267e+03
-8.110315470977822372e+01
-4.218417202755821904e+01
1.391099167750739696e+01
-7.827108328013233063e+01
-7.811514133711591512e+01
-7.459590748570532526e+01
-7.396474503225411468e+01
-7.825273320668146937e+01
-6.817471028332913363e+01
2.092209185843751129e+01
-7.757341232021106237e+01
6.314112227516056919e+01
-8.299818883730387142e+01
-7.222653588284623538e+01
-7.031794208349614905e+01
-6.683243211165741116e+01
-7.422951708819016403e+01
-7.228754317070779223e+01
-7.366138273467464614e+01
-7.243837834666047115e+01
-7.597741532159506050e+01
-5.582932693273240687e+01
-6.050732984693184591e+01
-7.959852101727234697e+01
-5.176710628021471194e+01
2.136851466809822853e+01
1.193898843179872529e+03
-7.838158449638414993e+01
-2.659320735203711195e+01
7.805878821286734137e+01
5.305775841231030654e+01
-7.368981680189665440e+01
-7.358066723077863003e+01
-7.321546831678378453e+01
2.005321830685444695e+01
5.407105419755109210e+01
-2.268531777518921899e+01
4.840679687403135745e+01
6.833193134709264882e+01
-7.293098056839278343e+01
1.890093254194114536e+01
-3.462647139698236742e+01
-8.421025156273481116e+01
-8.272083040124050513e+01
-8.348634444833683688e+01
-8.283988829173446788e+01
9.069729654972113053e+01
5.604979334764394139e+01
6.551629773247026378e+01
-7.728377304566330963e+01
-8.381122041289353319e+01
-6.762616813406469873e+01
-6.452316341119612275e+01
4.936743128596188512e+01
-7.948132948130718489e+01
-7.716781930072498596e+01
-8.278094464443286427e+01
-4.331399700634359107e+01
-4.013196941565861664e+01
-7.797561464716311264e+01
-7.354717806745301800e+01
1.504560008700497065e+01
-7.197243520166480835e+01
-7.886550195428257837e+01
7.019108351326502770e+01
-8.137372617890493132e+01
-4.862454794129716618e+01
-4.436991489329575700e+01
-8.256648812002376303e+01
-3.733939824709786137e+01
7.822258765750228804e+01
-6.711409596905222941e+01
2.668229991165979698e+01
-7.992640796523579638e+01
8.477171961992715410e+01
-7.969981238202399254e+01
-2.956518847456233345e+01
-5.486806295094710606e+01
7.162495258243473018e+01
-3.759795299633935883e+01
-7.288928545225647326e+01
1.378960149798264467e+01
-7.850908694796346765e+01
8.806830982674668462e+01
6.902974526128417665e+01
7.567855694265321631e+01
2.158878888998039258e+01
6.787784467118905241e+01
-8.334094395275951683e+01
-7.882677603965645119e+01
-6.750228673345350217e+01
9.857440208664741021e+01
-6.871142928767280011e+01
-6.862100468985693169e+01
-6.407592075193923620e+01
2.740552694657758082e+01
7.641678262158185930e+01
7.773351302323234790e+01
9.672233937790943514e+01
-7.998568493393784706e+01
8.523043497198702312e+01
-8.037147218089720013e+01
1.776265627726753848e+01
-7.964907733778409238e+01
-8.073023117361168488e+01
1.844707412568847360e+01
-7.074450124293863951e+01
-6.264527891070258647e+01
-7.844527116745089756e+01
-7.100532996716142975e+01
-7.389428846411436780e+01
-6.749979714997041924e+01
-7.822025739507944309e+01
2.407290898613780428e+01
-5.139366338351743480e+01
8.236129483698502440e+01
-7.365767224661186674e+01
1.202405446096463038e+03
-7.618145547853862354e+01
-7.326676653267230677e+01
-4.335209684522548912e+01
-7.923604533369905312e+01
2.340065892666267189e+01
-6.442615482946419547e+01
3.005723470478071135e+01
-6.717035784484376393e+01
-7.711553730575899124e+01
8.039041425951438669e+01
-7.668947135593529651e+01
2.657312448693099327e+01
8.265656629279769163e+01
-6.929213198151262532e+01
-8.362307939097823350e+01
1.130916576151619779e+01
7.763548035571005812e+01
-8.205556961585480735e+01
1.701696043305901185e+01
-6.824953915665335558e+01
7.627933345688421696e+01
-4.969172612913963150e+01
9.285462720277521953e+01
-7.349390034350130918e+01
-8.178922520578274202e+01
-7.474445581357744572e+01
8.386541362749329664e+01
-7.296214330403205395e+01
-7.435634677699476924e+01
-3.432466717293729630e+01
1.191244928017480788e+03
2.915993938022472776e+01
2.804511912779318550e+01
-2.341545236608058644e+01
-7.421799191806668716e+01
-7.898908292450929025e+01
-4.555131673990527474e+01
-7.864855532216510881e+01
-4.438330995230385412e+01
-3.781124101913980695e+01
-6.831907831865602532e+01
-8.397889022130003411e+01
-3.660009767294211969e+01
1.749574974160330498e+01
9.608739026948009609e+01
7.761656985827752919e+01
-6.939667484862236790e+01
1.281157239689156313e+01
9.011361328871481646e+01
-7.171702009177670334e+01
-6.470395900867468697e+01
9.468944944231117233e+01
-6.948462459144712966e+01
1.188651138033963889e+03
7.762176381945221237e+01
2.782728448364824203e+01
3.063893596459243440e+01
9.157824091630473617e+01
-7.188296198666697023e+01
-7.564028312742385651e+01
-7.472207245390789865e+01
5.985246092715939881e+01
-8.215889300692376196e+01
-1.093952183481971900e+02
2.162599301242512695e+01
2.618225575020255746e+01
8.270694375500673345e+01
-8.125891390083145893e+01
-6.568594357609862300e+01
-7.966052618252655293e+01
1.202066298401556196e+03
2.694664443594315628e+01
-5.868433926519107047e+01
8.157216718400914601e+01
1.547685691293511923e+01
-6.427596478193805751e+01
-4.317580153474234095e+01
2.005707870789441927e+01
1.552499355752046029e+01
2.116685214411471350e+01
7.188472502012476184e+01
4.914983567043336166e+01
-7.513705803737902045e+01
-7.886630934215520483e+01
-8.223688555789286170e+01
9.371532740957385954e+01
6.231749620127436629e+01
-2.375525799181147590e+01
1.501458892462345318e+01
-7.241204640945443316e+01
-7.823507788085079540e+01
1.901409030652010301e+01
1.703370802855771160e+01
-8.261136442603488206e+01
6.739667412261104573e+01
6.168509300040599896e+01
6.346043835405907885e+01
-8.041234816341690816e+01
5.645066877675159844e+01
2.735473531801601155e+01
-4.053403983998698124e+01
1.201041938214135371e+03
-7.544471772364427409e+01
-7.438551042103446775e+01
-8.326830556316528487e+01
-8.364467523182577224e+01
-8.266018706391976423e+01
7.132307850040220387e+01
-7.426990795033165682e+01
-8.297560389587167151e+01
-7.925882791834139596e+01
2.301594202468911021e+01
-8.025054131019997783e+01
3.444856990931543805e+01
-7.817794859996352841e+01
-7.949468010584395472e+01
5.185634043547739225e+01
-3.510537150248832461e+01
-8.302813094986225906e+01
-8.010289997365819659e+01
9.203436016993691737e+01
-2.598124716752477070e+01
7.035554722434315522e+01
-6.741494734071451944e+01
-7.872014311419854948e+01
2.586210662653670056e+01
-7.033437445829821399e+01
9.337002284642352379e+01
7.366992860263783882e+01
-8.204755100304863902e+01
7.446892704388406514e+01
7.676032251838677212e+01
-7.325669697749708575e+01
-7.143360649100961268e+01
-8.290421270095629325e+01
-5.442343822307322654e+01
4.764034529506440663e+01
-2.048553080157475392e+01
-5.703708579994885497e+01
-7.863343743242330675e+01
-8.005514767704100620e+01
-1.240120447016009564e+01
-7.501846216669801493e+01
8.190563041334249306e+01
7.846549348695995718e+01
-8.290028817054592025e+01
-7.582898841223047270e+01
-8.367169963937706711e+01
1.953545856499114564e+01
-7.074137458997081751e+01
-8.157635555200018018e+01
-6.909154309572311092e+01
-6.875722546180244876e+01
1.414666896673861629e+01
-5.840249765851169883e+01
7.046850545834527679e+01
-8.123075787088515654e+01
5.300741641648446034e+01
9.343736912626201274e+01
6.039343601623647828e+01
-7.351694087299416935e+01
-4.718966722987408957e+01
-7.941014704444269512e+01
1.196320917375948511e+03
1.196435344366776917e+03
2.400751764908756059e+01
2.892779564788611424e+01
-7.550990281588545372e+01
9.266998345981099305e+01
9.399661077375478158e+01
1.190177257080878690e+03
8.431389414618490719e+01
-8.198396448642897383e+01
1.678967106756220744e+02
7.390430899464834624e+01
-7.954581256061699435e+01
-3.535404469653400383e+01
-6.861616005630281734e+01
8.059141463215624412e+01
1.625575011815867299e+01
-2.988662927045538709e+01
1.190639910595104766e+03
6.571422085594483065e+01
1.197579675642242591e+03
1.199657255767715924e+03
-8.145313146728614129e+01
1.198741414542724897e+03
7.986707276651279130e+01
-8.230531794091960762e+01
2.306842881038160442e+01
-4.460541602526940608e+01
1.192294957118620005e+03
-6.570050414511644021e+01
9.144527060869015145e+01
4.739491548709989388e+01
-1.077101401438791584e+02
6.129956217911586691e+01
-7.955992843713703166e+01
-1.003143513054670848e+02
-3.956461882592728330e+01
-3.919844451064491864e+01
-7.883268000593326974e+01
1.196921611442319318e+03
3.545791740780822465e+01
1.197184726815548402e+03
-1.064034888468784033e+02
3.022622198802440607e+01
1.187877550293582090e+03
4.303064906246268606e+01
1.189593613826147021e+03
-7.887206591598663863e+01
1.189876589770400642e+03
-7.368811202762665857e+01
5.388093738244742781e+01
-3.892958002291209851e+01
1.198765445231810190e+03
2.752465100604457859e+01
1.203028993911390671e+03
1.638035462910787885e+02
3.180851277864326221e+01
8.650796309979321563e+01
2.463536545236721054e+01
-4.030020289045022253e+01
2.872477650073068389e+01
-7.803853578330974017e+01
-1.089354349955531802e+02
1.199556861478778274e+03
-7.788828395796136306e+01
3.952547472204000201e+01
3.715774622442319242e+01
2.772299717164933952e+01
4.803660576289988171e+01
9.038620512254951223e+01
1.189620234429468155e+03
1.941232799913127849e+01
1.750973667896944619e+01
9.598237755772325386e+01
-7.782155409270035307e+01
2.773614269967646351e+01
4.194695835817830698e+01
-7.198888568455976156e+01
-7.050890022080409381e-01
6.114583691429561441e+01
-4.328264398199578267e+01
2.022674848599272934e+01
1.190672096353171582e+03
-1.742993720985080586e+01
1.200676997982990315e+03
-8.190083156957149413e+01
2.100755780321100019e+01
1.023093711120984892e+02
2.775375021331927883e+01
-8.332333900964846407e+01
1.191851019991206613e+03
-7.998015226812805167e+01
-1.053781696750548349e+02
4.967477235822946113e+01
-6.109071049668759912e+01
1.981290176122993785e+01
8.595888987577163221e+01
1.197946558933435199e+03
2.450370119073419062e+01
-7.531824349560994847e+01
1.196252229453168866e+03
1.197058494019803447e+03
-7.308159291137991431e+01
9.554297996909855328e+01
2.668640708037790432e+01
-6.225691045533928047e+01
7.351465970655445403e+01
5.978064143021939003e+01
1.191484091141547651e+03
1.201833309214077872e+03
9.156790044345811452e+01
1.190994047423574102e+03
-4.045859040657597916e+01
-3.995088165131107871e+01
-3.956365059257326777e+01
-6.971899027018457673e+01
-7.789703198532328088e+01
1.200819361299652428e+03
1.192636800269734294e+03
2.368061044993064002e+01
-5.590376765352744570e+01
9.853766159177143891e+01
1.186922163666401957e+03
4.077868768233025776e+01
9.374011019496114727e+01
1.200112255305279632e+03
8.417981043931513341e+01
5.058819576315050881e+01
1.202460160987446216e+03
-7.253522893485899203e+01
7.323456734374198618e+01
-6.517664946557607664e+01
-6.535838333099744091e+01
1.195169268654304005e+03
1.960869698087478241e+01
-6.451057412262225910e+01
-7.720014213528416747e+01
1.200473685591309277e+03
1.198813195339342428e+03
6.409116681600397669e+01
8.227708830163251719e+01
-7.762504185083759012e+01
9.899377962287275068e+01
8.783049578438601657e+01
8.393234899228133372e+01
-7.771465043091576774e+01
1.198842978548418841e+03
-7.125443411890840650e+01
-8.306814412069778086e+01
-7.913394763167758583e+00
1.189418397241194498e+03
1.189360068550083724e+03
-1.339714539058606135e+01
3.562165572439354833e+01
-1.078124198916563046e+02
1.190527036369690904e+03
1.200719303999546810e+03
4.142992302788920256e+01
-3.519548251500860658e+01
-4.283363055621474302e+01
5.792125269151884481e+01
8.044526133917204902e+01
1.193561298611045459e+03
8.897057639236169280e+01
4.213694338607828627e+01
-1.060762122803589307e+02
-1.610400950077205096e+01
-7.135979450379404909e+01
1.022206018020762315e+02
-2.288846779524341457e+01
-4.367239271289208347e+01
-1.131572513903589083e+02
1.193071263359086288e+03
1.017639560115765391e+02
1.200938570744697699e+03
1.201400763403669771e+03
-7.158396078651452399e+01
-8.310835506799188011e+01
8.164819645789611968e+01
1.190638162917855652e+03
1.203908289024114538e+03
1.202367021225208646e+03
-4.675174548737678037e+01
-7.053698343513626412e+01
1.198128631078159515e+03
-6.099522375640809457e+01
-6.870470159027308910e+01
-4.806367753168203194e+00
-4.672625544255924268e+01
1.191760530624195553e+03
2.675214680751831509e+01
1.198296888565661220e+03
1.200757688358892665e+03
1.191783048318202191e+03
-7.501798566345962627e+01
-6.602258268742033920e+01
1.201640672170773769e+03
1.198443108606453734e+03
-7.503997317878176432e+01
-7.376445094385306334e+01
2.861022765779057409e+01
1.203861882845283390e+03
-6.353077348101343347e+01
1.198930216239685024e+03
1.190917629514895225e+03
7.133021138041880249e+01
3.124126849038270848e+01
2.446899290906736724e+01
1.198751027420974424e+03
6.364911317472774499e+00
-5.309059756635414828e+01
-8.645175835433454381e+01
1.443408834234114124e+01
-5.170225568087628432e+01
1.191586533930212227e+03
-3.615910580266330498e-01
-7.361075577198603526e+01
-6.354061013286116122e+01
1.201077712304851957e+03
1.199142267597360615e+03
-2.035912631718446164e+00
-4.269777406578768364e+01
-4.082418074239063088e+01
1.201926034537114674e+03
1.200744582791149014e+03
1.203251765157749560e+03
1.200984924143333501e+03
-5.683714504743150542e+00
1.202168060649748213e+03
-2.341260778308907220e+00
-6.471380927619615875e+01
-6.740219196920364197e+01
1.194875874606642356e+03
-7.753703927908061644e+01
-6.523479817613747400e+01
2.864722571077456337e+01
1.191094997584767498e+03
1.188387678880256772e+03
-4.053249996697680757e+01
3.519603439594686733e+01
1.196843627349064036e+03
1.191019076775477970e+03
1.188402979788441371e+03
-3.525203077155191522e+01
-5.646359409312840683e+01
1.199007465559607681e+03
-6.404657314177910621e+01
1.190253079962755464e+03
1.207670955578957546e+03
6.393902291533089510e+01
3.979638651551624662e-01
1.199600383908456934e+03
1.190734283809368435e+03
-7.917055211121179070e+01
1.201487419546382398e+03
5.632973231339255449e+01
-3.736071188995236980e+01
1.188404317480500140e+03
1.199256907610282951e+03
1.195133490773965605e+03
-6.644421429688028979e+01
6.464380362035319649e+01
1.197596451529810111e+03
-8.032459469844737043e+01
-6.894227137167511898e+01
1.201360584825310525e+03
-1.098879643310445431e+01
1.188105219240831957e+03
1.190770932896793965e+03
-5.294880846127186658e+01
1.198862776184590530e+03
-4.895218662448871072e+01
-5.445124001778556533e+01
1.198692816524310501e+03
-7.972152187512529053e+01
1.569870415248800555e+01
-5.867366530944480019e+01
-6.982954112285401038e+01
2.518724396749587413e+01
1.189633076547063183e+03
-5.825042927090454725e+01
5.397239734909675235e+01
1.189656760541380208e+03
1.191576696088987319e+03
-1.472685816644059287e-01
1.188002886065506800e+03
1.202346934024895745e+03
-5.304242101815508192e+01
5.132232123624794440e+01
1.198471951181444410e+03
-2.217533216477021085e+01
1.199977178888351773e+03
-3.856698049173569132e+01
1.374807471138358039e+01
-5.167628766689488629e+01
-7.841853181600220069e+01
-7.446088267282063100e+01
-5.813117656750785045e+01
-5.220532096108575359e+01
-4.106691449746166711e+01
-5.271999222049066702e+01
-7.477907088192841911e+01
-7.174654926262049059e+01
1.188220847285528407e+03
-6.971438736685462345e+01
1.197533140968195084e+03
2.306823934901746043e+01
-7.817037858468788158e+01
-1.123035268883410538e+02
-7.447378499924239748e+01
1.197864099430428723e+03
-5.414102233362781647e+01
1.191176758052201194e+03
1.189517599885406071e+03
2.910174569863420402e+01
1.188352139718822400e+03
1.189460500077390861e+03
1.196800658964959439e+03
1.197778376743455510e+03
1.200283598745436393e+03
-3.050456533650867641e+01
1.202633873222237071e+03
-7.226166166214443365e+01
-3.484136199053884297e+01
-3.637030650501302631e+01
1.194863203321026504e+03
-6.841955332719268768e+01
-6.376306384164194441e+01
-7.443024795304661723e+01
-1.072613804790773315e+02
1.197094456399867340e+03
-7.564149734671391911e+01
-5.276764274319764780e+01
-6.479879347754908281e+01
-8.627725149533019078e+01
1.199130936896813637e+03
-5.429109286134008272e+01
-8.347574753014620796e+01
-6.715651730732886904e+01
-7.938462389099184691e+01
-3.379111957862834004e+01
-4.055764390243581374e+01
1.194762365531917112e+03
-5.096556647884870728e+01
-7.592304559921713292e+01
-4.627660088878143796e+01
1.192071861973610567e+03
5.965157458510969946e+01
-4.521485077317351653e+01
-7.792161575931415030e+01
-7.626189412765252484e+01
1.188444230266988825e+03
1.200176236159288919e+03
3.396009631433184950e+01
-2.635675909493480162e+01
-7.012818249000982007e+01
-7.704451115788599225e+01
-7.760889972551804306e+01
1.189695944680246612e+03
2.801879963831606801e+01
-7.619812836043077198e+01
1.202540839672754373e+03
1.191054792214475128e+03
-7.647602031832195735e+01
1.190001270974894851e+03
1.199165588798974113e+03
1.192619609817389573e+03
-7.983732959202956181e+01
-7.806264364955369217e+01
1.201361794520827971e+03
1.201176775014807845e+03
1.197154657955964240e+03
3.170828155130965342e+01
-1.050777528967456220e+02
3.069250413722733128e+01
-7.849620027288483470e+01
3.467551403965012469e+01
-8.470887429968263405e+01
-8.034298822388214489e+01
1.204613043976806239e+03
1.201497964919889000e+03
-1.034853076246552632e+02
1.198589793469349615e+03
-7.375171111545283509e+01
1.192435268280507216e+03
6.273714925089896610e+01
-7.089099535502298011e+01
1.205937861275335536e+03
-1.296499124980397255e+01
-7.310997230640717248e+01
1.191443928446325117e+03
-7.712383181806958987e+01
-2.871940277345990467e+01
2.630757108384777609e+01
2.715406178548683158e+01
-6.506741453699000033e+01
-7.069406794993408027e+01
1.204651104500663905e+03
1.189619205800457848e+03
1.201742116903246597e+03
-1.043599014438960211e+02
1.201523082493722995e+03
2.112626134212074192e+01
1.199591812009992736e+03
-6.218374124850020479e+01
-1.623351247524554708e+01
1.889388625703897162e+01
4.747458586529745617e+01
1.199152785260891505e+03
-6.314165196404047720e+01
1.194686903877737905e+03
2.638775661245986726e+01
1.197231726296476836e+03
-7.093389729256730902e+01
1.189853358686109459e+03
-7.698693718638628525e+01
1.195343824718007454e+03
-4.107752032321164393e+01
-4.597924758172126758e+00
-7.258115134311077554e+01
1.190817560664915845e+03
1.190052945815788917e+03
1.199626511991131338e+03
1.186756845365329355e+03
-6.102367217894766327e-01
-7.687514407365338798e+01
1.198504374548630949e+03
1.195957816398036357e+03
1.016897027809058045e+02
1.200710432052993383e+03
1.930847638457630921e+01
1.192734140940296811e+03
1.192232092213258056e+03
1.198186940400941012e+03
-4.516580743773207018e+01
-7.299885417807320209e+01
1.189300248046981096e+03
1.190646975787775773e+03
1.196366823783572727e+03
1.199891174776003254e+03
-6.652771154995978975e+01
-7.731997383872268870e+01
-1.112266401605367605e+00
1.192752192851978180e+03
1.189340840093933821e+03
1.196255121823834315e+03
1.191970527121861778e+03
-1.536888254309037904e+01
-2.408687871695205729e+01
1.206734239361643404e+03
1.200657267186910758e+03
-6.276179709149328545e+01
1.200817357717270625e+03
-5.741072027702263370e+01
1.195884730947119806e+03
1.191937593347849543e+03
1.193601142733858978e+03
1.191543294085781554e+03
1.193303475274876064e+03
-8.077459639010902492e+01
-6.492918592955919621e+01
-5.475485538031397681e+01
1.190179083567085172e+03
1.190899981857304283e+03
1.201041002427252806e+03
1.191693648986348308e+03
1.196328209251892986e+03
-7.296443335870566216e+01
1.191451547311070954e+03
1.205050915320207423e+03
1.190906936214456209e+03
1.194210563499596219e+03
7.388041501168893888e+01
1.194020584674883139e+03
4.128325226400613701e+01
1.190107432131330597e+03
1.188825602237821840e+03
1.189610642698469519e+03
1.188800344578812201e+03
1.202038277806908127e+03
-8.375283628497496125e+01
-1.073918740074619365e+02
-3.705715641111893888e+01
3.034796426009083348e+01
-4.255982666467840403e+01
1.187689965795986609e+03
1.190836427883538363e+03
-8.100781425490259835e+01
1.200471441913057333e+03
1.187674780888491796e+03
3.145534195668898292e+01
1.189124258026593452e+03
-2.484557989891006002e+01
1.198878355556592624e+03
1.203505867044199931e+03
1.199535774068200908e+03
-7.226973527717713353e+01
8.125889503870581621e+01
-7.186593549850741169e+01
-7.378298443187753719e+01
1.198728039630723060e+03
3.305812696990577138e+01
1.199568883016164591e+03
1.204208808000342287e+03
1.199161250041526955e+03
-7.779332327925290258e+01
-7.637070112096597541e+01
-7.364275444186438335e+01
3.081702419253451808e+01
1.191818210296296684e+03
1.202585794207928984e+03
1.721499091138619804e+02
1.191811683977716939e+03
1.193460447256856696e+03
1.190070728894264676e+03
1.192256049944316828e+03
1.193684660069475967e+03
-4.826925713814598140e+01
2.826259533157346482e+01
6.867778991186315807e+01
1.190202288922730531e+03
1.198414247954696748e+03
1.190860859590779228e+03
-4.441392835791509697e+01
2.658929297362362831e+01
1.198377208451017168e+03
-6.746894021826842902e+01
1.193518807341089087e+03
-4.845996603823908799e+01
-4.682275180163089345e+01
-1.074606269196475807e+02
-6.079011605738006807e+01
-7.447404140348285750e+01
1.186553765929400015e+03
-3.290876140550682294e+01
3.134184360688436755e+01
1.203424980288301640e+03
1.190138384410799063e+03
-7.132348757888911450e+01
-1.020823516029844598e+02
-5.592581744867605664e+01
-2.049958757680720112e+01
-5.676234668847329345e+01
-6.791216283350613026e+01
1.196823002737016850e+03
1.201299285682743403e+03
3.477829121651657829e+01
-5.303163109294557387e+01
2.754647073248426636e+01
-4.287748357152767653e+01
-1.120296334025093188e+01
-5.192764973678952600e+01
-7.787597118036585186e+01
-7.979326810812730741e+01
-7.028444463525174513e+01
-2.034996126617753021e+01
2.663628788951442061e+01
1.780382281078166784e+01
1.197821569662916545e+03
7.720093825261949405e+01
-7.422578439134159112e+01
-7.758922238598719900e+01
-7.538999456533932175e+01
5.144391836425387510e+01
-6.895172041892375603e+01
1.201474551356943493e+03
3.738165045930085739e+01
3.254405633311895940e+01
1.203381895201384623e+03
1.208331103945519317e+03
9.855686317292793319e+01
1.190070020813814381e+03
1.190344970246481580e+03
-6.126978285836361948e+01
1.197573142988072959e+03
1.199097262248147672e+03
1.204486756323566851e+03
1.197987161438107478e+03
1.200345902953410587e+03
1.191763242611852320e+03
-7.065279795547286312e+01
1.190254461958670163e+03
1.188820196776097191e+03
1.206143220481615117e+03
-7.326433518906127063e+01
-4.916548319963073510e+01
1.187389623705905706e+03
-6.187620783233906963e+01
-5.519181630111277315e+01
3.988736017204010409e+01
1.199962206825129215e+03
1.200434756881865951e+03
2.909821227818696343e+01
6.014015090490488546e+01
-7.221739805382202348e+01
-7.069804538383240811e+01
4.382100001579632931e+01
-7.402679111361032938e+01
1.191663950398635052e+03
1.197282111791574380e+03
1.189639564972538210e+03
1.198977193231115052e+03
1.191655970941407531e+03
-7.205582461514278236e+01
1.201823092758523217e+03
1.196186927994595862e+03
-2.436627552581060741e+01
1.768190069714947299e+01
-7.189269286641436452e+01
1.197651745214883704e+03
1.200257977198837352e+03
-7.753219149571725666e+01
1.196796116379438899e+03
-7.762417969082443392e+01
1.189461545752950542e+03
1.196993143709010383e+03
1.204009322850694844e+03
1.192410236003437831e+03
-6.934026873961059323e+01
1.198279941084648499e+03
3.141421935411798927e+01
-1.583265111583808959e+01
-1.096102467264427673e+02
-8.128475204823547529e+01
1.199630021711354857e+03
1.199744256766442959e+03
-7.985114242529589035e+01
1.200459461226271515e+03
1.191041325767893795e+03
1.200535766160551702e+03
1.200155380135351606e+03
-7.801921523745326681e+01
-7.776315699685019922e+01
1.202315175658886346e+03
-8.076308854177088392e+01
-7.893259477434826010e+01
-3.041068224998099367e+01
-2.647933793122254542e+01
5.882697987259339811e+01
1.190060599128611329e+03
-7.739523959848894208e+01
6.809266246425369218e+01
1.189591867297921908e+03
1.191085339290811362e+03
1.190254628376218989e+03
-6.222994092004896061e+00
-6.800083018286566983e+01
1.190768806611681839e+03
1.202752276113977587e+03
-1.062665719880836122e+02
1.201618423617009739e+03
1.201774836479486112e+03
1.193635517677039616e+03
1.199273248638278119e+03
1.195485314927612080e+03
-5.342327830572665448e+01
8.100965568749634826e+01
1.187884802395369206e+03
1.192650335740636365e+03
1.191055237199728936e+03
-1.025198891150537577e+02
-2.648527533770460707e+01
1.187077200924092040e+03
-7.894480727606850223e+01
1.202916633700610873e+03
1.197738649473473743e+03
1.197144598786106826e+03
1.199799674027676701e+03
-8.305563467335603889e+01
1.198844013815697281e+03
1.189917522249549847e+03
1.190854558083339953e+03
-8.396350498465781698e+01
-1.282290714731193759e+01
-1.879101712278483660e+01
1.196552028935695716e+03
1.198536502915888832e+03
1.190535440814667936e+03
-1.073593742680055527e+02
1.191819229589058523e+03
1.191084297492707037e+03
1.191616265655859934e+03
1.188865992319980251e+03
1.200243818346128137e+03
-7.824765849621611835e+01
-8.249535285540149232e+01
-8.208622507317818418e+01
-8.257276925718701932e+01
1.199078912167539329e+03
1.190761335240437120e+03
-5.182115562019004784e+01
1.199503721294041043e+03
1.198064768432876917e+03
1.197645702597914578e+03
1.200016936445465490e+03
2.264832932487649941e+00
-3.970270255923011149e+01
1.198640973454229652e+03
-7.905435276790188937e+01
-5.320851913932253296e+01
1.192660572737185930e+03
-7.933091581673403425e+01
1.189180477501522773e+03
1.196467691794394568e+03
-8.281644454492324314e+01
-8.380478458435356970e+01
1.198171474810199925e+03
1.201911605882292179e+03
2.039242332867245011e+01
1.619299403382275671e+01
1.200917128486732963e+03
1.191313551122603030e+03
1.196555495897929859e+03
-3.621312396410367285e+01
-7.632838135402774071e+01
1.203079738585238601e+03
1.202227801862594333e+03
1.197650338911289964e+03
-4.071136758016518797e+01
1.197501370629647226e+03
-8.302035599095171392e+01
-7.961561655720780095e+01
5.046188265524156691e+01
-8.289016141987934816e+01
1.201401875440703634e+03
-2.526521558300130721e+01
5.881141315219238663e+01
-8.097833133256797566e+01
1.199533418859774656e+03
1.198844911022042197e+03
1.190036586216992873e+03
1.193139859435283824e+03
1.196367325355184221e+03
-6.478053912456519470e+01
-7.549625678944488527e+01
-6.694324958766728173e+01
-8.196006381483721270e+01
1.203651028565257093e+03
1.203644074976575666e+03
1.191726587033305350e+03
2.140043612008972218e+01
1.200148304455533662e+03
1.204145424387702178e+03
-7.457515616351918197e+01
1.194602630986045142e+03
1.201245072404723032e+03
1.190464143850978871e+03
1.197603613892004660e+03
1.191644935528025144e+03
-8.214455105444821470e+01
1.192222628095324353e+03
-8.110751922955878968e+01
1.194448098874840753e+03
1.187780104904328027e+03
-2.342216643386180408e+00
1.205062110935328974e+03
1.200974859416512572e+03
-7.767890316105643933e+01
1.203549781007047613e+03
1.192020984840391975e+03
-7.770959035568256468e+01
-4.767179213978212005e+01
7.178532108690785662e+01
5.606331342007297280e+01
-7.820598405979305312e+01
-7.654995266719892300e+01
-7.753687435456376420e+01
1.189115438911087494e+03
-8.991973488970766937e+01
1.200250229220396022e+03
-3.490534933548971708e+00
-8.387719368392170338e+01
1.197372399912423589e+03
1.191574377248807195e+03
1.205762314222606847e+03
1.189955792772172572e+03
1.190063998685558090e+03
1.199545345885839197e+03
3.062889136344864482e+01
1.200035432421802398e+03
2.999987305626862621e+01
1.191812204434932710e+03
2.287620448043938381e+00
-8.060074154520154366e+01
1.201383925518172646e+03
1.191046719409651814e+03
6.152166894922592633e+01
1.200158872118997124e+03
1.196083881447691283e+03
-8.347045439169286851e+01
2.535367490324371431e+01
1.193811689603473042e+03
1.197338086808890921e+03
-5.689813490041132837e+01
-8.283919519481364091e+01
-8.287965304525053511e+01
1.193603020026468130e+03
1.196779637470912348e+03
-7.987251170810297651e+01
-7.762235762812748874e+01
1.192399534260330938e+03
-1.054481296986725312e+02
-4.483019167756548740e+01
1.189970350440563607e+03
4.247764768729655316e+01
-4.920703074565697932e+01
-4.422382494051998947e+01
1.195864806431404304e+03
1.188770467726864808e+03
1.201567732972865088e+03
1.190157343011557941e+03
-6.646635363210694436e+01
1.202953388031469558e+03
-7.767311499254765295e+01
-7.787955395481824894e+01
-7.140012094721106450e+01
1.200065555697301079e+03
-4.119357350451971200e+01
-2.541211373164333054e+01
1.187508258035301651e+03
-4.439877075866727552e+01
3.271237379388108479e+01
-9.165575658756635846e+01
1.189086727332977034e+03
1.202441907628222907e+03
-4.512099019340224970e+01
-6.783949024109602988e+01
-6.837516914422641889e+01
1.201086330179943388e+03
-7.911230010692149506e+01
-4.409363159080918848e+01
1.203981358845270279e+03
1.191101473786846782e+03
1.197830592035705422e+03
1.199798409977204983e+03
1.187842612982751234e+03
1.190653259073863865e+03
1.199264553029799572e+03
1.201607272610799328e+03
-3.067961225293844052e+01
2.637606811819317443e+01
1.198344483213031026e+03
-7.875881385868117945e+01
1.189710854128489700e+03
1.191615687777545190e+03
5.654448518978625771e+01
1.188691195946998960e+03
1.190086002590773887e+03
1.199973002731336464e+03
1.192261339244574401e+03
-8.041126316842645849e+01
1.192037820964741741e+03
1.187403803830111883e+03
-2.777697477909114809e+01
1.200236710294300110e+03
1.190240109489120641e+03
1.190772292210248224e+03
1.947188000907240735e+01
-6.389257151297104542e+01
1.201081363587957867e+03
5.618626758509321917e-01
1.449898254567780498e+01
2.620360211649517623e+01
1.198649571019633186e+03
1.194595440656067694e+03
1.203084332517907797e+03
1.190779286573561876e+03
-7.719565069393092926e+01
1.200120597762336274e+03
-8.409619231749678647e+01
-4.807499789983082650e+01
1.199087876751956628e+03
1.194612608526599161e+03
1.200262789815468977e+03
1.190432463372530265e+03
1.202588023620302465e+03
-6.733203157508185654e+01
1.199402374823181162e+03
-6.418595728823372326e+01
-6.484547968157730224e+01
1.198998315236618964e+03
-6.464073207342612193e+01
3.325166786201944547e+01
1.189003580449410947e+03
1.197361432921002233e+03
-4.582725041765726104e+01
1.203800796009168607e+03
-6.390492736248108940e+01
1.198156144189709266e+03
1.197919349856436156e+03
1.201195078036479117e+03
1.202612753630476391e+03
1.199276383345480781e+03
1.192720182116077467e+03
1.190062918569498379e+03
-8.101453731841351669e+01
-8.387627483863849420e+01
-8.323210876370525568e+01
1.190470150481755809e+03
1.192368581567030105e+03
1.199563882718668538e+03
-6.524435465510428855e+01
1.192860709443845508e+03
1.201099054889843273e+03
1.199703421617680306e+03
-4.969554113920037963e+01
1.194135042464957451e+03
1.188399572989946819e+03
1.193075140482637380e+03
1.187860044185904144e+03
1.199142756747349267e+03
-7.154214352115943143e+01
1.201358738167499496e+03
1.201814088122319617e+03
-6.900911368653122224e+01
4.743122246566773015e+01
1.202121471989785732e+03
1.200641078242996400e+03
-5.020784136698617317e+01
1.199271151665299840e+03
-4.467570871813340716e+01
-4.149910545951744467e+01
1.188487679228842580e+03
-4.574063479753906591e+01
-8.427920487310009889e+01
-6.698007769000190592e+01
-1.436468813212806594e+01
-4.211529901924719610e+01
-4.777036497790236780e+01
-3.434279638282340841e+01
1.200882119295889879e+03
3.588187139894023403e+01
1.190360592303033627e+03
1.201137034040293429e+03
-8.475226360168056772e+01
1.194059371343776547e+03
1.198695323280524008e+03
-6.370477227693611866e+01
2.913784971407903868e+01
3.047521981943916103e+01
1.200933218396282200e+03
-5.617954627495956998e+01
-7.598371291659691451e+01
-7.994235158896765370e+01
1.190811513973397723e+03
2.872619570772914699e+01
1.190170937319719314e+03
1.200742421154585600e+03
1.201372556920359784e+03
-2.097948855810741975e+01
1.205021873762843597e+03
3.178769188532299950e-01
-3.580891433340232766e+01
1.196294529197747124e+03
-3.274344097008231813e+01
1.195523733489444112e+03
5.744050353599769210e+01
1.189818667294279749e+03
1.197543793500980428e+03
1.188962018481239966e+03
1.199531150394401266e+03
-6.042791883325749325e+01
-3.346761286569311267e+01
-6.114524476547359200e+01
-7.992453580194569440e+01
-3.553019550679103133e+01
-3.635224253948900497e+01
-8.311174781026296898e+01
-7.893666807075403824e+01
-5.119314373126215401e+01
1.192407880680420703e+03
-7.082668892068556943e+01
1.188587707718507090e+03
-8.661824641419661930e+01
-7.904975080334489235e+01
-3.936123351738516618e+01
1.196219597160449439e+03
1.864849572052148119e+01
1.190147750391108048e+03
-8.337089030339296869e+01
-7.749200373331534308e+01
-7.883429350697697657e+01
-7.773444893785685395e+01
-8.294232276622017253e+01
1.202553501144202301e+03
1.206870029279835535e+03
1.202790623482690762e+03
-5.275045063486822983e+01
-3.383158622266269333e+01
1.197462036051761743e+03
1.191812499558266154e+03
-8.329045716789929088e+01
-7.997283627662790195e+01
1.200951761073652960e+03
-2.762323187270631308e+01
-4.653325620134852159e+01
1.189230520428407317e+03
-7.863696011418012688e+01
1.190846695561252318e+03
-2.849033527630167839e+01
1.198346944183183950e+03
-8.303396213635080869e+01
1.189160852072232046e+03
3.012850614394238846e+01
1.190774656848283712e+03
1.198000566416844094e+03
1.195526785060738575e+03
1.191926256440921406e+03
3.517475385683923150e+01
1.028464660163898827e+02
