4.419661450131566305e+00 7.347488153050993454e+00
-1.605596517061028822e-02 6.987879224041686044e+00
4.983939034829488079e+00 -1.012120775958488483e+00
-4.474960965170511784e+00 -6.956830775958313673e+00
2.358259034829430778e+00 2.445729224041777616e+00
-1.605596517061028822e-02 -3.012120775958222474e+00
-5.016060965170511921e+00 6.987879224041686044e+00
2.983138850713061618e+00 -7.011911287026551420e+00
-5.016060965170511921e+00 4.878762240415543960e-01
-3.016060965170569208e+00 3.987879224041777526e+00
