4.329214499256745619e+00 7.279126708715925709e+00
-1.474302574164222113e-01 6.893294249419508191e+00
4.867739827108364281e+00 -1.099946242640230887e+00
-4.591160172891635582e+00 -7.044656242638782651e+00
2.242059827108060510e+00 2.357903757362048047e+00
-1.322551728923516412e-01 -3.099946242637952043e+00
-5.132260172891635719e+00 6.900053757361217066e+00
2.866939642991691350e+00 -7.099736753707020398e+00
-5.132260172891635719e+00 4.000507573601406186e-01
-3.132260172891939476e+00 3.900053757362047957e+00
