3.495962821772069962e+00 3.975535334427193757e+00
-9.333124053440403078e-02 3.970232099667544201e+00
-8.863524053440402506e-02 -4.030747900332482203e+00
-9.886631562618326818e-02 6.971548688661949100e+00
-3.506745222832120756e+00 -2.969489171060056554e-02
-9.000724053440402328e-02 -3.037490033253104418e-02
-3.507373387850929003e+00 3.970651209268750037e+00
3.494509533475210095e+00 -4.030645632591508765e+00
-3.506711432142194607e+00 -4.030363056316549120e+00
3.493754759476107363e+00 -3.044390032739916971e-02
