4.431585351984295151e+00 7.356501327805162305e+00
-1.920655513036944109e-02 6.985498824740010271e+00
4.980788444869746812e+00 -1.014501175260200450e+00
-4.478111555130253052e+00 -6.959211175259989446e+00
2.355108444869680628e+00 2.443348824740120939e+00
-1.920655513036945497e-02 -3.014501175259879151e+00
-5.019211555130253188e+00 6.985498824740010271e+00
2.980788444869680642e+00 -7.014501175259989729e+00
-5.019211555130253188e+00 4.854958247398517002e-01
-3.019211555130319358e+00 3.985498824740120849e+00
