-1.394971481312801576e+00 4.494269438619266310e+00
-3.942222477274600845e+00 2.966226367480848669e+00
-2.686765040579051522e+00 4.490258751586521768e+00
-3.935857932445322227e+00 4.490755465179597117e+00
-2.950290505556095455e-02 4.479512046004998638e+00
3.918027504655050119e+00 2.961271024488818515e+00
1.176419684359588658e+00 4.489125629579158172e+00
-2.323123557002099160e-02 6.992723531556019445e+00
3.864498460771696564e+00 4.490248619256396623e+00
2.474654380514472951e+00 4.489288432047876753e+00
