4.399600562679559346e+00 7.332321454740771571e+00
-4.302599470346759464e-02 6.967490470955868709e+00
4.956969005296765651e+00 -1.032509529044600916e+00
-4.501930994703234212e+00 -6.977219529044131008e+00
2.331289005296653283e+00 2.425340470956133476e+00
-4.302599470346749749e-02 -3.032509529043866614e+00
-5.043030994703234349e+00 6.967490470955868709e+00
2.956969005296653297e+00 -7.032509529044131291e+00
-5.046845993337878866e+00 4.731365303173316050e-01
-3.040958082163766729e+00 3.965151780408352256e+00
