4.431003274811018855e+00 7.356056893735999580e+00
-2.201725189003848025e-03 6.998346893735999608e+00
4.997793274811018982e+00 -1.001653106264022153e+00
-4.461106725188980882e+00 -6.946363106264000109e+00
2.372113274810993211e+00 2.456196893736005027e+00
-2.201725189003848459e-03 -3.001653106263995063e+00
-5.002206725188981018e+00 6.998346893735999608e+00
2.997793274810993225e+00 -7.001653106264000392e+00
-5.002206725188981018e+00 4.983438937359814247e-01
-3.002206725189006775e+00 3.998346893736004937e+00
